-754.000000 -526.000000 19.000000, -717.000000 -397.000000 -51.000000, -728.000000 -448.000000 153.000000, -318.000000 -463.000000 469.000000, 
-397.000000 -51.000000 -728.000000, -448.000000 153.000000 -318.000000, -463.000000 469.000000 -657.267883, -603.580811 -18.468771 -616.862122, 
153.000000 -318.000000 -463.000000, 469.000000 -657.267883 -603.580811, -18.468771 -616.862122 -418.780762, -47.431549 -626.805664 -431.619446, 
-657.267883 -603.580811 -18.468771, -616.862122 -418.780762 -47.431549, -626.805664 -431.619446 112.121460, -360.364624 -8.091393 621.681702, 
-418.780762 -47.431549 -626.805664, -431.619446 112.121460 -360.364624, -8.091393 621.681702 -654.540710, -617.630798 -31.336248 -621.107117, 
112.121460 -360.364624 -8.091393, 621.681702 -654.540710 -617.630798, -31.336248 -621.107117 -426.533478, -51.466518 -477.751099 -499.861969, 
-654.540710 -617.630798 -31.336248, -621.107117 -426.533478 -51.466518, -477.751099 -499.861969 263.563141, -372.969666 125.408386 650.337341, 
-426.533478 -51.466518 -477.751099, -499.861969 263.563141 -372.969666, 125.408386 650.337341 -655.411926, -613.620300 -19.305689 -629.704285, 
263.563141 -372.969666 125.408386, 650.337341 -655.411926 -613.620300, -19.305689 -629.704285 -421.462616, -3.638852 -282.530426 -530.671265, 
-655.411926 -613.620300 -19.305689, -629.704285 -421.462616 -3.638852, -282.530426 -530.671265 519.879456, -451.748291 505.543610 697.259094, 
-421.462616 -3.638852 -282.530426, -530.671265 519.879456 -451.748291, 505.543610 697.259094 -652.182312, -612.878235 -26.276114 -628.209290, 
519.879456 -451.748291 505.543610, 697.259094 -652.182312 -612.878235, -26.276114 -628.209290 -423.055756, 12.822055 -261.278839 -534.279480, 
-652.182312 -612.878235 -26.276114, -628.209290 -423.055756 12.822055, -261.278839 -534.279480 541.115967, -451.826447 510.739990 691.488892, 
-423.055756 12.822055 -261.278839, -534.279480 541.115967 -451.826447, 510.739990 691.488892 -646.476929, -618.431396 -32.427681 -621.277588, 
541.115967 -451.826447 510.739990, 691.488892 -646.476929 -618.431396, -32.427681 -621.277588 -424.832062, 17.294872 -259.835266 -532.314575, 
-646.476929 -618.431396 -32.427681, -621.277588 -424.832062 17.294872, -259.835266 -532.314575 541.805542, -452.778290 509.764618 696.544861, 
-424.832062 17.294872 -259.835266, -532.314575 541.805542 -452.778290, 509.764618 696.544861 -647.403259, -619.261719 -34.648544 -620.701660, 
541.805542 -452.778290 509.764618, 696.544861 -647.403259 -619.261719, -34.648544 -620.701660 -426.694061, 18.824272 -259.835266 -532.314575, 
-647.403259 -619.261719 -34.648544, -620.701660 -426.694061 18.824272, -259.835266 -532.314575 541.805542, -452.778290 509.764618 696.544861, 
-426.694061 18.824272 -259.835266, -532.314575 541.805542 -452.778290, 509.764618 696.544861 -651.447266, -614.932556 -38.857235 -625.117188, 
541.805542 -452.778290 509.764618, 696.544861 -651.447266 -614.932556, -38.857235 -625.117188 -429.234436, 23.977791 -259.547638 -535.984436, 
-651.447266 -614.932556 -38.857235, -625.117188 -429.234436 23.977791, -259.547638 -535.984436 540.081665, -453.010254 509.660034 694.341248, 
-429.234436 23.977791 -259.547638, -535.984436 540.081665 -453.010254, 509.660034 694.341248 -651.680054, -613.093445 -41.691109 -624.664612, 
540.081665 -453.010254 509.660034, 694.341248 -651.680054 -613.093445, -41.691109 -624.664612 -429.380219, 27.242689 -259.547638 -535.984436, 
-651.680054 -613.093445 -41.691109, -624.664612 -429.380219 27.242689, -259.547638 -535.984436 540.081665, -453.010254 509.660034 694.341248, 
-429.380219 27.242689 -259.547638, -535.984436 540.081665 -453.010254, 509.660034 694.341248 -648.747864, -612.909851 -42.994774 -618.508728, 
540.081665 -453.010254 509.660034, 694.341248 -648.747864 -612.909851, -42.994774 -618.508728 -429.466797, 25.556416 -258.527863 -536.782837, 
-648.747864 -612.909851 -42.994774, -618.508728 -429.466797 25.556416, -258.527863 -536.782837 542.585510, -452.296204 509.579956 694.541382, 
-429.466797 25.556416 -258.527863, -536.782837 542.585510 -452.296204, 509.579956 694.541382 -649.162781, -612.519531 -42.937500 -617.998718, 
542.585510 -452.296204 509.579956, 694.541382 -649.162781 -612.519531, -42.937500 -617.998718 -429.261322, 25.721216 -258.527863 -536.782837, 
-649.162781 -612.519531 -42.937500, -617.998718 -429.261322 25.721216, -258.527863 -536.782837 542.585510, -452.296204 509.579956 694.541382, 
-429.261322 25.721216 -258.527863, -536.782837 542.585510 -452.296204, 509.579956 694.541382 -651.225708, -612.484436 -41.013985 -619.607605, 
542.585510 -452.296204 509.579956, 694.541382 -651.225708 -612.484436, -41.013985 -619.607605 -425.232880, 23.487776 -262.965302 -534.854553, 
-651.225708 -612.484436 -41.013985, -619.607605 -425.232880 23.487776, -262.965302 -534.854553 536.481628, -452.132294 509.214020 695.961731, 
-425.232880 23.487776 -262.965302, -534.854553 536.481628 -452.132294, 509.214020 695.961731 -653.250488, -608.568787 -38.683720 -625.183228, 
536.481628 -452.132294 509.214020, 695.961731 -653.250488 -608.568787, -38.683720 -625.183228 -423.752258, 23.944515 -266.722443 -534.420776, 
-653.250488 -608.568787 -38.683720, -625.183228 -423.752258 23.944515, -266.722443 -534.420776 544.236389, -451.748291 505.543610 697.259094, 
-423.752258 23.944515 -266.722443, -534.420776 544.236389 -451.748291, 505.543610 697.259094 -646.818665, -609.060242 -38.210491 -616.551575, 
544.236389 -451.748291 505.543610, 697.259094 -646.818665 -609.060242, -38.210491 -616.551575 -421.586151, 25.085163 -260.237030 -538.090698, 
-646.818665 -609.060242 -38.210491, -616.551575 -421.586151 25.085163, -260.237030 -538.090698 540.373352, -450.680176 508.673950 694.443237, 
-421.586151 25.085163 -260.237030, -538.090698 540.373352 -450.680176, 508.673950 694.443237 -652.767761, -606.002563 -37.507744 -624.841187, 
540.373352 -450.680176 508.673950, 694.443237 -652.767761 -606.002563, -37.507744 -624.841187 -420.869110, 24.605980 -266.722443 -534.420776, 
-652.767761 -606.002563 -37.507744, -624.841187 -420.869110 24.605980, -266.722443 -534.420776 544.236389, -451.748291 505.543610 697.259094, 
-420.869110 24.605980 -266.722443, -534.420776 544.236389 -451.748291, 505.543610 697.259094 -652.166138, -605.567688 -37.279026 -625.300110, 
544.236389 -451.748291 505.543610, 697.259094 -652.166138 -605.567688, -37.279026 -625.300110 -420.208557, 24.741310 -266.722443 -534.420776, 
-652.166138 -605.567688 -37.279026, -625.300110 -420.208557 24.741310, -266.722443 -534.420776 544.236389, -451.748291 505.543610 697.259094, 
-420.208557 24.741310 -266.722443, -534.420776 544.236389 -451.748291, 505.543610 697.259094 -649.935730, -606.716431 -33.668556 -623.003723, 
544.236389 -451.748291 505.543610, 697.259094 -649.935730 -606.716431, -33.668556 -623.003723 -420.737244, 25.276463 -260.195099 -532.424805, 
-649.935730 -606.716431 -33.668556, -623.003723 -420.737244 25.276463, -260.195099 -532.424805 540.645081, -453.025208 507.201630 690.712524, 
-420.737244 25.276463 -260.195099, -532.424805 540.645081 -453.025208, 507.201630 690.712524 -650.045410, -608.563904 -37.817688 -619.275330, 
540.645081 -453.025208 507.201630, 690.712524 -650.045410 -608.563904, -37.817688 -619.275330 -420.012848, 23.329910 -262.965302 -534.854553, 
-650.045410 -608.563904 -37.817688, -619.275330 -420.012848 23.329910, -262.965302 -534.854553 536.481628, -452.132294 509.214020 695.961731, 
-420.012848 23.329910 -262.965302, -534.854553 536.481628 -452.132294, 509.214020 695.961731 -652.147583, -608.147583 -39.312424 -622.656372, 
536.481628 -452.132294 509.214020, 695.961731 -652.147583 -608.147583, -39.312424 -622.656372 -424.404083, 28.551249 -259.547638 -535.984436, 
-652.147583 -608.147583 -39.312424, -622.656372 -424.404083 28.551249, -259.547638 -535.984436 540.081665, -453.010254 509.660034 694.341248, 
-424.404083 28.551249 -259.547638, -535.984436 540.081665 -453.010254, 509.660034 694.341248 -652.215027, -608.701050 -40.937229 -622.911621, 
540.081665 -453.010254 509.660034, 694.341248 -652.215027 -608.701050, -40.937229 -622.911621 -425.855103, 29.500324 -259.547638 -535.984436, 
-652.215027 -608.701050 -40.937229, -622.911621 -425.855103 29.500324, -259.547638 -535.984436 540.081665, -453.010254 509.660034 694.341248, 
-425.855103 29.500324 -259.547638, -535.984436 540.081665 -453.010254, 509.660034 694.341248 -652.242981, -608.878845 -41.873829 -623.034241, 
540.081665 -453.010254 509.660034, 694.341248 -652.242981 -608.878845, -41.873829 -623.034241 -426.616669, 30.105366 -259.547638 -535.984436, 
-652.242981 -608.878845 -41.873829, -623.034241 -426.616669 30.105366, -259.547638 -535.984436 540.081665, -453.010254 509.660034 694.341248, 
-426.616669 30.105366 -259.547638, -535.984436 540.081665 -453.010254, 509.660034 694.341248 -646.612061, -608.879822 -39.709553 -616.862732, 
540.081665 -453.010254 509.660034, 694.341248 -646.612061 -608.879822, -39.709553 -616.862732 -422.391907, 26.405172 -260.237030 -538.090698, 
-646.612061 -608.879822 -39.709553, -616.862732 -422.391907 26.405172, -260.237030 -538.090698 540.373352, -450.680176 508.673950 694.443237, 
-422.391907 26.405172 -260.237030, -538.090698 540.373352 -450.680176, 508.673950 694.443237 -652.173401, -608.538696 -40.294735 -622.840820, 
540.373352 -450.680176 508.673950, 694.443237 -652.173401 -608.538696, -40.294735 -622.840820 -425.310516, 29.099152 -259.547638 -535.984436, 
-652.173401 -608.538696 -40.294735, -622.840820 -425.310516 29.099152, -259.547638 -535.984436 540.081665, -453.010254 509.660034 694.341248, 
-425.310516 29.099152 -259.547638, -535.984436 540.081665 -453.010254, 509.660034 694.341248 -647.881409, -609.663086 -42.097160 -618.335327, 
540.081665 -453.010254 509.660034, 694.341248 -647.881409 -609.663086, -42.097160 -618.335327 -426.287231, 27.078825 -258.527863 -536.782837, 
-647.881409 -609.663086 -42.097160, -618.335327 -426.287231 27.078825, -258.527863 -536.782837 542.585510, -452.296204 509.579956 694.541382, 
-426.287231 27.078825 -258.527863, -536.782837 542.585510 -452.296204, 509.579956 694.541382 -647.876892, -610.238586 -42.204948 -618.516602, 
542.585510 -452.296204 509.579956, 694.541382 -647.876892 -610.238586, -42.204948 -618.516602 -426.780884, 26.778221 -258.527863 -536.782837, 
-647.876892 -610.238586 -42.204948, -618.516602 -426.780884 26.778221, -258.527863 -536.782837 542.585510, -452.296204 509.579956 694.541382, 
-426.780884 26.778221 -258.527863, -536.782837 542.585510 -452.296204, 509.579956 694.541382 -650.792969, -611.242188 -40.722710 -619.623535, 
542.585510 -452.296204 509.579956, 694.541382 -650.792969 -611.242188, -40.722710 -619.623535 -424.024139, 24.039009 -262.965302 -534.854553, 
-650.792969 -611.242188 -40.722710, -619.623535 -424.024139 24.039009, -262.965302 -534.854553 536.481628, -452.132294 509.214020 695.961731, 
-424.024139 24.039009 -262.965302, -534.854553 536.481628 -452.132294, 509.214020 695.961731 -652.903625, -607.338379 -38.472130 -625.162109, 
536.481628 -452.132294 509.214020, 695.961731 -652.903625 -607.338379, -38.472130 -625.162109 -422.562744, 24.552288 -266.722443 -534.420776, 
-652.903625 -607.338379 -38.472130, -625.162109 -422.562744 24.552288, -266.722443 -534.420776 544.236389, -451.748291 505.543610 697.259094, 
-422.562744 24.552288 -266.722443, -534.420776 544.236389 -451.748291, 505.543610 697.259094 -646.875977, -608.283447 -38.080334 -616.248169, 
544.236389 -451.748291 505.543610, 697.259094 -646.875977 -608.283447, -38.080334 -616.248169 -420.888000, 25.458752 -260.237030 -538.090698, 
-646.875977 -608.283447 -38.080334, -616.248169 -420.888000 25.458752, -260.237030 -538.090698 540.373352, -450.680176 508.673950 694.443237, 
-420.888000 25.458752 -260.237030, -538.090698 540.373352 -450.680176, 508.673950 694.443237 -650.753479, -607.192627 -33.643219 -622.354797, 
540.373352 -450.680176 508.673950, 694.443237 -650.753479 -607.192627, -33.643219 -622.354797 -421.308350, 24.923220 -260.195099 -532.424805, 
-650.753479 -607.192627 -33.643219, -622.354797 -421.308350 24.923220, -260.195099 -532.424805 540.645081, -453.025208 507.201630 690.712524, 
-421.308350 24.923220 -260.195099, -532.424805 540.645081 -453.025208, 507.201630 690.712524 -652.337769, -605.587585 -37.690701 -626.815552, 
540.645081 -453.025208 507.201630, 690.712524 -652.337769 -605.587585, -37.690701 -626.815552 -420.895264, 26.719368 -261.278839 -534.279480, 
-652.337769 -605.587585 -37.690701, -626.815552 -420.895264 26.719368, -261.278839 -534.279480 541.115967, -451.826447 510.739990 691.488892, 
-420.895264 26.719368 -261.278839, -534.279480 541.115967 -451.826447, 510.739990 691.488892 -649.655945, -606.816895 -34.068180 -623.329407, 
541.115967 -451.826447 510.739990, 691.488892 -649.655945 -606.816895, -34.068180 -623.329407 -420.985077, 25.559975 -260.195099 -532.424805, 
-649.655945 -606.816895 -34.068180, -623.329407 -420.985077 25.559975, -260.195099 -532.424805 540.645081, -453.025208 507.201630 690.712524, 
-420.985077 25.559975 -260.195099, -532.424805 540.645081 -453.025208, 507.201630 690.712524 -651.544800, -605.394592 -38.041035 -627.594055, 
540.645081 -453.025208 507.201630, 690.712524 -651.544800 -605.394592, -38.041035 -627.594055 -420.731354, 27.213202 -261.278839 -534.279480, 
-651.544800 -605.394592 -38.041035, -627.594055 -420.731354 27.213202, -261.278839 -534.279480 541.115967, -451.826447 510.739990 691.488892, 
-420.731354 27.213202 -261.278839, -534.279480 541.115967 -451.826447, 510.739990 691.488892 -649.241028, -606.725525 -34.299053 -623.721985, 
541.115967 -451.826447 510.739990, 691.488892 -649.241028 -606.725525, -34.299053 -623.721985 -420.959564, 25.824627 -260.195099 -532.424805, 
-649.241028 -606.725525 -34.299053, -623.721985 -420.959564 25.824627, -260.195099 -532.424805 540.645081, -453.025208 507.201630 690.712524, 
-420.959564 25.824627 -260.195099, -532.424805 540.645081 -453.025208, 507.201630 690.712524 -651.161499, -607.528931 -38.631321 -623.436646, 
540.645081 -453.025208 507.201630, 690.712524 -651.161499 -607.528931, -38.631321 -623.436646 -423.248840, 28.485069 -259.547638 -535.984436, 
-651.161499 -607.528931 -38.631321, -623.436646 -423.248840 28.485069, -259.547638 -535.984436 540.081665, -453.010254 509.660034 694.341248, 
-423.248840 28.485069 -259.547638, -535.984436 540.081665 -453.010254, 509.660034 694.341248 -647.491577, -609.038147 -41.377110 -618.476746, 
540.081665 -453.010254 509.660034, 694.341248 -647.491577 -609.038147, -41.377110 -618.476746 -425.229950, 26.955496 -258.527863 -536.782837, 
-647.491577 -609.038147 -41.377110, -618.476746 -425.229950 26.955496, -258.527863 -536.782837 542.585510, -452.296204 509.579956 694.541382, 
-425.229950 26.955496 -258.527863, -536.782837 542.585510 -452.296204, 509.579956 694.541382 -646.821716, -608.527771 -38.933464 -616.467651, 
542.585510 -452.296204 509.579956, 694.541382 -646.821716 -608.527771, -38.933464 -616.467651 -421.635742, 26.000668 -260.237030 -538.090698, 
-646.821716 -608.527771 -38.933464, -616.467651 -421.635742 26.000668, -260.237030 -538.090698 540.373352, -450.680176 508.673950 694.443237, 
-421.635742 26.000668 -260.237030, -538.090698 540.373352 -450.680176, 508.673950 694.443237 -650.794617, -609.067871 -38.926041 -618.789551, 
540.373352 -450.680176 508.673950, 694.443237 -650.794617 -609.067871, -38.926041 -618.789551 -421.286713, 23.899555 -262.965302 -534.854553, 
-650.794617 -609.067871 -38.926041, -618.789551 -421.286713 23.899555, -262.965302 -534.854553 536.481628, -452.132294 509.214020 695.961731, 
-421.286713 23.899555 -262.965302, -534.854553 536.481628 -452.132294, 509.214020 695.961731 -651.430481, -609.650085 -38.851784 -618.338623, 
536.481628 -452.132294 509.214020, 695.961731 -651.430481 -609.650085, -38.851784 -618.338623 -421.874908, 23.426405 -262.965302 -534.854553, 
-651.430481 -609.650085 -38.851784, -618.338623 -421.874908 23.426405, -262.965302 -534.854553 536.481628, -452.132294 509.214020 695.961731, 
-421.874908 23.426405 -262.965302, -534.854553 536.481628 -452.132294, 509.214020 695.961731 -647.733948, -608.280212 -37.681232 -615.352783, 
536.481628 -452.132294 509.214020, 695.961731 -647.733948 -608.280212, -37.681232 -615.352783 -420.891357, 25.042253 -260.237030 -538.090698, 
-647.733948 -608.280212 -37.681232, -615.352783 -420.891357 25.042253, -260.237030 -538.090698 540.373352, -450.680176 508.673950 694.443237, 
-420.891357 25.042253 -260.237030, -538.090698 540.373352 -450.680176, 508.673950 694.443237 -650.941711, -607.194580 -33.542458 -622.170898, 
540.373352 -450.680176 508.673950, 694.443237 -650.941711 -607.194580, -33.542458 -622.170898 -421.306488, 24.824768 -260.195099 -532.424805, 
-650.941711 -607.194580 -33.542458, -622.170898 -421.306488 24.824768, -260.195099 -532.424805 540.645081, -453.025208 507.201630 690.712524, 
-421.306488 24.824768 -260.195099, -532.424805 540.645081 -453.025208, 507.201630 690.712524 -647.582703, -608.561096 -38.596294 -617.958984, 
540.645081 -453.025208 507.201630, 690.712524 -647.582703 -608.561096, -38.596294 -617.958984 -423.118317, 24.855677 -258.527863 -536.782837, 
-647.582703 -608.561096 -38.596294, -617.958984 -423.118317 24.855677, -258.527863 -536.782837 542.585510, -452.296204 509.579956 694.541382, 
-423.118317 24.855677 -258.527863, -536.782837 542.585510 -452.296204, 509.579956 694.541382 -650.779541, -609.782654 -39.167488 -619.047302, 
542.585510 -452.296204 509.579956, 694.541382 -650.779541 -609.782654, -39.167488 -619.047302 -421.976013, 23.671293 -262.965302 -534.854553, 
-650.779541 -609.782654 -39.167488, -619.047302 -421.976013 23.671293, -262.965302 -534.854553 536.481628, -452.132294 509.214020 695.961731, 
-421.976013 23.671293 -262.965302, -534.854553 536.481628 -452.132294, 509.214020 695.961731 -651.182495, -608.540466 -33.786633 -622.328674, 
536.481628 -452.132294 509.214020, 695.961731 -651.182495 -608.540466, -33.786633 -622.328674 -422.525360, 24.272449 -260.195099 -532.424805, 
-651.182495 -608.540466 -33.786633, -622.328674 -422.525360 24.272449, -260.195099 -532.424805 540.645081, -453.025208 507.201630 690.712524, 
-422.525360 24.272449 -260.195099, -532.424805 540.645081 -453.025208, 507.201630 690.712524 -650.655579, -608.222351 -33.180191 -622.675659, 
540.645081 -453.025208 507.201630, 690.712524 -650.655579 -608.222351, -33.180191 -622.675659 -421.802826, 24.010443 -260.195099 -532.424805, 
-650.655579 -608.222351 -33.180191, -622.675659 -421.802826 24.010443, -260.195099 -532.424805 540.645081, -453.025208 507.201630 690.712524, 
-421.802826 24.010443 -260.195099, -532.424805 540.645081 -453.025208, 507.201630 690.712524 -652.057495, -606.799377 -37.341854 -627.367676, 
540.645081 -453.025208 507.201630, 690.712524 -652.057495 -606.799377, -37.341854 -627.367676 -421.585388, 25.691656 -261.278839 -534.279480, 
-652.057495 -606.799377 -37.341854, -627.367676 -421.585388 25.691656, -261.278839 -534.279480 541.115967, -451.826447 510.739990 691.488892, 
-421.585388 25.691656 -261.278839, -534.279480 541.115967 -451.826447, 510.739990 691.488892 -651.457581, -608.104553 -39.745388 -623.393555, 
541.115967 -451.826447 510.739990, 691.488892 -651.457581 -608.104553, -39.745388 -623.393555 -424.450073, 29.013798 -259.547638 -535.984436, 
-651.457581 -608.104553 -39.745388, -623.393555 -424.450073 29.013798, -259.547638 -535.984436 540.081665, -453.010254 509.660034 694.341248, 
-424.450073 29.013798 -259.547638, -535.984436 540.081665 -453.010254, 509.660034 694.341248 -651.812439, -606.336548 -40.384716 -627.743164, 
540.081665 -453.010254 509.660034, 694.341248 -651.812439 -606.336548, -40.384716 -627.743164 -423.013611, 28.437094 -261.278839 -534.279480, 
-651.812439 -606.336548 -40.384716, -627.743164 -423.013611 28.437094, -261.278839 -534.279480 541.115967, -451.826447 510.739990 691.488892, 
-423.013611 28.437094 -261.278839, -534.279480 541.115967 -451.826447, 510.739990 691.488892 -650.946472, -605.738037 -40.147865 -628.442505, 
541.115967 -451.826447 510.739990, 691.488892 -650.946472 -605.738037, -40.147865 -628.442505 -422.189545, 28.733988 -261.278839 -534.279480, 
-650.946472 -605.738037 -40.147865, -628.442505 -422.189545 28.733988, -261.278839 -534.279480 541.115967, -451.826447 510.739990 691.488892, 
-422.189545 28.733988 -261.278839, -534.279480 541.115967 -451.826447, 510.739990 691.488892 -650.512695, -605.242065 -40.012039 -628.759338, 
541.115967 -451.826447 510.739990, 691.488892 -650.512695 -605.242065, -40.012039 -628.759338 -421.618011, 29.000658 -261.278839 -534.279480, 
-650.512695 -605.242065 -40.012039, -628.759338 -421.618011 29.000658, -261.278839 -534.279480 541.115967, -451.826447 510.739990 691.488892, 
-421.618011 29.000658 -261.278839, -534.279480 541.115967 -451.826447, 510.739990 691.488892 -650.236084, -604.884460 -39.987373 -628.962402, 
541.115967 -451.826447 510.739990, 691.488892 -650.236084 -604.884460, -39.987373 -628.962402 -421.264679, 29.248184 -261.278839 -534.279480, 
-650.236084 -604.884460 -39.987373, -628.962402 -421.264679 29.248184, -261.278839 -534.279480 541.115967, -451.826447 510.739990 691.488892, 
-421.264679 29.248184 -261.278839, -534.279480 541.115967 -451.826447, 510.739990 691.488892 -650.136719, -604.756165 -39.827347 -629.024475, 
541.115967 -451.826447 510.739990, 691.488892 -650.136719 -604.756165, -39.827347 -629.024475 -421.035065, 29.217592 -261.278839 -534.279480, 
-650.136719 -604.756165 -39.827347, -629.024475 -421.035065 29.217592, -261.278839 -534.279480 541.115967, -451.826447 510.739990 691.488892, 
-421.035065 29.217592 -261.278839, -534.279480 541.115967 -451.826447, 510.739990 691.488892 -648.321716, -606.647278 -35.359039 -624.672241, 
541.115967 -451.826447 510.739990, 691.488892 -648.321716 -606.647278, -35.359039 -624.672241 -421.382385, 26.753569 -260.195099 -532.424805, 
-648.321716 -606.647278 -35.359039, -624.672241 -421.382385 26.753569, -260.195099 -532.424805 540.645081, -453.025208 507.201630 690.712524, 
-421.382385 26.753569 -260.195099, -532.424805 540.645081 -453.025208, 507.201630 690.712524 -650.719238, -607.319702 -39.250305 -623.900391, 
540.645081 -453.025208 507.201630, 690.712524 -650.719238 -607.319702, -39.250305 -623.900391 -423.354584, 29.204515 -259.547638 -535.984436, 
-650.719238 -607.319702 -39.250305, -623.900391 -423.354584 29.204515, -259.547638 -535.984436 540.081665, -453.010254 509.660034 694.341248, 
-423.354584 29.204515 -259.547638, -535.984436 540.081665 -453.010254, 509.660034 694.341248 -649.257996, -609.088257 -40.280025 -620.460999, 
540.081665 -453.010254 509.660034, 694.341248 -649.257996 -609.088257, -40.280025 -620.460999 -421.741913, 25.141407 -262.965302 -534.854553, 
-649.257996 -609.088257 -40.280025, -620.460999 -421.741913 25.141407, -262.965302 -534.854553 536.481628, -452.132294 509.214020 695.961731, 
-421.741913 25.141407 -262.965302, -534.854553 536.481628 -452.132294, 509.214020 695.961731 -646.941528, -608.230713 -38.203728 -616.179749, 
536.481628 -452.132294 509.214020, 695.961731 -646.941528 -608.230713, -38.203728 -616.179749 -420.942993, 25.587524 -260.237030 -538.090698, 
-646.941528 -608.230713 -38.203728, -616.179749 -420.942993 25.587524, -260.237030 -538.090698 540.373352, -450.680176 508.673950 694.443237, 
-420.942993 25.587524 -260.237030, -538.090698 540.373352 -450.680176, 508.673950 694.443237 -646.658142, -612.348999 -36.655746 -619.799988, 
540.373352 -450.680176 508.673950, 694.443237 -646.658142 -612.348999, -36.655746 -619.799988 -421.931305, 24.586533 -259.835266 -532.314575, 
-646.658142 -612.348999 -36.655746, -619.799988 -421.931305 24.586533, -259.835266 -532.314575 541.805542, -452.778290 509.764618 696.544861, 
-421.931305 24.586533 -259.835266, -532.314575 541.805542 -452.778290, 509.764618 696.544861 -650.154846, -611.032349 -38.891171 -619.991882, 
541.805542 -452.778290 509.764618, 696.544861 -650.154846 -611.032349, -38.891171 -619.991882 -422.597748, 22.765772 -262.965302 -534.854553, 
-650.154846 -611.032349 -38.891171, -619.991882 -422.597748 22.765772, -262.965302 -534.854553 536.481628, -452.132294 509.214020 695.961731, 
-422.597748 22.765772 -262.965302, -534.854553 536.481628 -452.132294, 509.214020 695.961731 -648.339844, -610.682251 -39.946835 -617.951416, 
536.481628 -452.132294 509.214020, 695.961731 -648.339844 -610.682251, -39.946835 -617.951416 -425.825562, 24.586552 -258.527863 -536.782837, 
-648.339844 -610.682251 -39.946835, -617.951416 -425.825562 24.586552, -258.527863 -536.782837 542.585510, -452.296204 509.579956 694.541382, 
-425.825562 24.586552 -258.527863, -536.782837 542.585510 -452.296204, 509.579956 694.541382 -650.872864, -611.335632 -39.866627 -619.486328, 
542.585510 -452.296204 509.579956, 694.541382 -650.872864 -611.335632, -39.866627 -619.486328 -423.583130, 23.311415 -262.965302 -534.854553, 
-650.872864 -611.335632 -39.866627, -619.486328 -423.583130 23.311415, -262.965302 -534.854553 536.481628, -452.132294 509.214020 695.961731, 
-423.583130 23.311415 -262.965302, -534.854553 536.481628 -452.132294, 509.214020 695.961731 -647.376648, -609.227905 -38.251949 -616.061707, 
536.481628 -452.132294 509.214020, 695.961731 -647.376648 -609.227905, -38.251949 -616.061707 -421.912415, 24.959522 -260.237030 -538.090698, 
-647.376648 -609.227905 -38.251949, -616.061707 -421.912415 24.959522, -260.237030 -538.090698 540.373352, -450.680176 508.673950 694.443237, 
-421.912415 24.959522 -260.237030, -538.090698 540.373352 -450.680176, 508.673950 694.443237 -647.466980, -607.998718 -37.653427 -615.524231, 
540.373352 -450.680176 508.673950, 694.443237 -647.466980 -607.998718, -37.653427 -615.524231 -420.556519, 25.224091 -260.237030 -538.090698, 
-647.466980 -607.998718 -37.653427, -615.524231 -420.556519 25.224091, -260.237030 -538.090698 540.373352, -450.680176 508.673950 694.443237, 
-420.556519 25.224091 -260.237030, -538.090698 540.373352 -450.680176, 508.673950 694.443237 -650.962952, -608.502136 -38.370369 -618.386658, 
540.373352 -450.680176 508.673950, 694.443237 -650.962952 -608.502136, -38.370369 -618.386658 -420.560822, 23.756083 -262.965302 -534.854553, 
-650.962952 -608.502136 -38.370369, -618.386658 -420.560822 23.756083, -262.965302 -534.854553 536.481628, -452.132294 509.214020 695.961731, 
-420.560822 23.756083 -262.965302, -534.854553 536.481628 -452.132294, 509.214020 695.961731 -651.405151, -609.233154 -38.523254 -618.196838, 
536.481628 -452.132294 509.214020, 695.961731 -651.405151 -609.233154, -38.523254 -618.196838 -421.353638, 23.401905 -262.965302 -534.854553, 
-651.405151 -609.233154 -38.523254, -618.196838 -421.353638 23.401905, -262.965302 -534.854553 536.481628, -452.132294 509.214020 695.961731, 
-421.353638 23.401905 -262.965302, -534.854553 536.481628 -452.132294, 509.214020 695.961731 -653.202820, -606.151794 -38.169643 -626.146301, 
536.481628 -452.132294 509.214020, 695.961731 -653.202820 -606.151794, -38.169643 -626.146301 -421.885681, 26.662966 -261.278839 -534.279480, 
-653.202820 -606.151794 -38.169643, -626.146301 -421.885681 26.662966, -261.278839 -534.279480 541.115967, -451.826447 510.739990 691.488892, 
-421.885681 26.662966 -261.278839, -534.279480 541.115967 -451.826447, 510.739990 691.488892 -649.536133, -609.185425 -39.525703 -620.135864, 
541.115967 -451.826447 510.739990, 691.488892 -649.536133 -609.185425, -39.525703 -620.135864 -421.403168, 24.441904 -262.965302 -534.854553, 
-649.536133 -609.185425 -39.525703, -620.135864 -421.403168 24.441904, -262.965302 -534.854553 536.481628, -452.132294 509.214020 695.961731, 
-421.403168 24.441904 -262.965302, -534.854553 536.481628 -452.132294, 509.214020 695.961731 -650.624939, -608.001282 -33.872845 -622.705139, 
536.481628 -452.132294 509.214020, 695.961731 -650.624939 -608.001282, -33.872845 -622.705139 -422.015350, 24.676291 -260.195099 -532.424805, 
-650.624939 -608.001282 -33.872845, -622.705139 -422.015350 24.676291, -260.195099 -532.424805 540.645081, -453.025208 507.201630 690.712524, 
-422.015350 24.676291 -260.195099, -532.424805 540.645081 -453.025208, 507.201630 690.712524 -646.950134, -608.014709 -37.025558 -615.983826, 
540.645081 -453.025208 507.201630, 690.712524 -646.950134 -608.014709, -37.025558 -615.983826 -420.033752, 24.730770 -260.237030 -538.090698, 
-646.950134 -608.014709 -37.025558, -615.983826 -420.033752 24.730770, -260.237030 -538.090698 540.373352, -450.680176 508.673950 694.443237, 
-420.033752 24.730770 -260.237030, -538.090698 540.373352 -450.680176, 508.673950 694.443237 -650.666260, -607.065125 -33.271175 -622.369934, 
